solution = [ 5.          1.          1.         -0.17657736 -0.04898606  0.28597891
  0.12826444  0.05370799  0.24708044  0.09460495  1.         14.
  0.02702993 -0.32856819  0.2405342   0.19644204 -0.70234712 -0.05881733
  0.44639218  1.          9.          0.04166297  0.07263588 -0.09529657
  0.05682608  0.96190323 -0.30276031 -0.90695516 -1.         14.
  0.31664172 -0.17582351  0.1006812   0.16044082 -0.49560657  0.96388775
 -0.20009998  1.          7.          0.23223684 -0.07955633  0.25194221
  0.10793308 -0.38462199 -0.6177086  -0.36193609  1.          1.
 -0.18331298 -0.12581055  0.12151063  0.10616513  0.37250898 -0.84666089
 -0.43686302 -1.          7.          0.0281676   0.31705186 -0.31305692
  0.11870161 -0.83601839  0.05407107 -0.6632683   1.         18.
 -0.37083189  0.20145357 -0.10796069  0.16255493 -0.46770887  0.75701491
 -0.05781761  1.         -0.25652178  0.35000877 -0.1946251   0.02042994
 -0.76468714 -0.80020139 -0.1963501  -0.3108279   0.03001285  0.36007225
  0.19385211 -0.97111422  0.81601145  0.92142891]