[ 7.          1.          6.          0.67693817  1.05513908  1.41276521
  0.29035381 -0.85948366 -0.9114741   0.35484657  1.         19.
  1.36357693 -1.03029567  1.15378468  0.2596789  -0.30102577 -0.31757607
 -0.51748672  1.          9.          0.41852469  0.79291182  1.34562827
  0.18559037  0.93065432  0.45220096 -0.33043014 -1.         17.
  0.18826661 -0.22561729 -0.23757755  0.14048505  0.63963569 -0.33573597
 -0.5612241  -1.         14.          1.1657676  -0.27587583  1.08887095
  0.11487121  0.32235055  0.23072528  0.73556153 -1.         16.
  0.6760623  -0.44684134 -0.60380606  0.22257975 -0.52135218 -0.36196172
  0.04693133  1.         19.         -1.32976164  1.48859171 -1.15622189
  0.24475861  0.23525681 -0.41426362  0.47013131  1.         10.
  0.20474292  0.23569063  0.08953822  0.11759572  0.17628728  0.51635243
 -0.43348028  1.         -1.13382093 -1.14925861 -1.06601394  0.27066223
  0.3422431  -0.24758448  0.51867239 -0.09361615 -0.13628091  0.56152406
  0.24020971  0.5108762  -0.69439232  0.8469761   5.         12.87991362
  8.43129296  3.58498437  0.89317628]