[ 8.00000000e+00  2.00000000e+00  7.00000000e+00  1.34000856e-01
 -4.18034665e-01 -1.46446960e+00  2.97138568e-01  7.52772678e-01
  9.69396045e-01  3.75210148e-01 -1.00000000e+00  1.90000000e+01
  7.24187497e-01  1.14072315e+00  8.24323486e-02  1.73465342e-01
 -7.47759729e-01  7.39916400e-01 -1.90304354e-01  1.00000000e+00
  6.00000000e+00 -4.90942128e-01  1.32304166e+00  5.24399853e-01
  2.37135076e-01  4.41782539e-02  7.80273964e-02  5.82875883e-01
 -1.00000000e+00  1.80000000e+01  5.71828044e-01 -6.50630911e-01
 -1.02621246e+00  2.74376124e-01 -3.58260887e-02 -3.38583245e-01
  6.92454871e-01 -1.00000000e+00  7.00000000e+00  1.32927325e-01
 -8.79770073e-03  1.71298395e-01  1.74689563e-01  8.37426909e-01
  1.51828410e-01 -1.14839418e-01 -1.00000000e+00  3.00000000e+00
  6.94557191e-01 -8.78258946e-01 -1.00316908e+00  2.81439354e-01
  9.06569590e-01 -5.39402236e-01  6.81891017e-01  1.00000000e+00
  5.00000000e+00  8.61377655e-01 -7.69414033e-01  4.92230915e-01
  2.78331022e-01 -5.29825406e-01  3.91297673e-01  1.05825653e-01
  1.00000000e+00  8.00000000e+00  8.08906402e-01 -5.61541297e-01
 -1.31527693e-01  1.66843115e-01 -1.92318351e-01 -2.38104608e-01
  9.36650540e-01  1.00000000e+00  1.85121947e-01  9.17842591e-01
  1.41139572e-01  1.58404079e-01 -4.94788693e-01 -1.50385107e-01
  5.02888406e-01  7.87894341e-01 -1.42829116e+00  2.21350125e-01
  2.19470707e-01 -4.69700620e-02 -4.79067517e-01 -2.67275182e-01
  4.00000000e+00  1.56900057e+01  4.25762235e+00  3.44024126e+00
  1.16719654e-01]