[ 7.00000000e+00  2.00000000e+00  1.80000000e+01  1.03533051e+00
  8.84136970e-01  1.41276521e+00  1.79221893e-01 -2.51051445e-01
 -9.11474099e-01 -9.00999761e-01 -1.00000000e+00  4.00000000e+00
 -1.34220865e+00 -8.01844770e-01  1.15378468e+00  1.94049746e-01
 -3.01025767e-01 -3.17576072e-01 -5.56723971e-01 -1.00000000e+00
  9.00000000e+00 -8.63907011e-01 -4.77624522e-01  8.41305946e-01
  1.53581955e-01  9.30654322e-01 -8.23641298e-01  9.97808788e-03
  1.00000000e+00  1.90000000e+01  2.20665470e-01 -1.26157352e-01
  3.57851381e-02  1.80363789e-01 -4.37667738e-01 -8.82977568e-02
 -7.15828041e-01  1.00000000e+00  1.40000000e+01 -6.57859488e-01
  7.57879257e-01  1.10263135e+00  1.88360788e-01  5.92549829e-01
  8.58209711e-01  2.47566063e-01 -1.00000000e+00  1.60000000e+01
 -5.89499082e-01 -4.46841342e-01 -6.03806058e-01  2.41934810e-01
  7.07248185e-01 -9.78771998e-01  2.18350946e-01 -1.00000000e+00
  6.00000000e+00 -1.50461379e+00  1.48859171e+00 -5.07498813e-01
  2.14309093e-01  2.35256806e-01 -4.14263615e-01  9.96847875e-01
  1.00000000e+00  4.00000000e+00 -1.21310587e+00 -6.68485482e-01
  8.95382159e-02  2.43664548e-01  1.76287281e-01  5.16352435e-01
 -7.28067825e-01  1.00000000e+00 -5.10590660e-01  1.23158039e+00
  8.76237885e-01  2.07971093e-01 -3.60941975e-01 -1.38521473e-01
  6.33796487e-01 -1.05080227e+00  1.46401028e+00 -2.49173287e-01
  2.38557841e-01  5.10876195e-01 -6.94392323e-01 -3.15938379e-01
  5.00000000e+00  1.94852302e+01  7.19105629e+00  4.53191242e+00
  8.93176283e-01]