[ 7.00000000e+00  1.00000000e+00  1.80000000e+01 -2.34430196e-01
  6.58993236e-01  1.41276521e+00  2.92765357e-01 -1.91756275e-01
 -9.11474099e-01  4.41414667e-01  1.00000000e+00  1.90000000e+01
  9.69430171e-01 -8.01844770e-01  1.15378468e+00  2.61467567e-01
 -3.01025767e-01 -2.76788380e-01  7.76692406e-01 -1.00000000e+00
  9.00000000e+00 -1.52072165e+00  1.66785002e-02  1.39740815e+00
  1.53581955e-01  9.30654322e-01 -8.23641298e-01 -7.07579732e-01
 -1.00000000e+00  1.70000000e+01  1.24001996e+00  2.77495417e-01
 -2.90921874e-01  1.65178838e-01  6.39635694e-01 -3.35735972e-01
 -7.15828041e-01 -1.00000000e+00  1.40000000e+01  9.60457901e-01
 -2.50863989e-01  1.23733044e+00  2.09314484e-01  3.22350548e-01
  8.58209711e-01  2.06270707e-01  1.00000000e+00  1.60000000e+01
  9.69700308e-01 -7.14746654e-01 -6.03806058e-01  2.42861491e-01
  7.07248185e-01 -3.61961719e-01  4.69313318e-02  1.00000000e+00
  6.00000000e+00 -1.50461379e+00 -4.45567806e-01 -8.71544509e-01
  1.85426976e-01 -2.19395055e-01 -6.08133496e-01  1.94094438e-01
 -1.00000000e+00  4.00000000e+00 -1.21310587e+00 -6.68485482e-01
  7.31230355e-01  1.62181345e-01  1.76287281e-01  5.16352435e-01
  3.81025087e-01  1.00000000e+00 -9.63667910e-01  1.40994959e+00
 -1.08342067e+00  1.79351321e-01 -2.60592735e-01 -9.67072990e-01
  2.63325615e-01 -8.53212279e-01  1.46401028e+00 -2.49173287e-01
  2.38557841e-01  5.10876195e-01  5.54440893e-01  8.46976101e-01
  5.00000000e+00  1.28799136e+01  8.43129296e+00  8.91675372e-01
  8.93176283e-01]