[ 6.          2.         19.         -0.70757954 -0.39922081 -0.0730785
  0.29276536  0.28498324  0.15110715 -0.86632112 -1.         18.
  1.36357693 -0.80184477  0.62298897  0.26203182 -0.30102577 -0.31757607
  0.37911101  1.          7.         -1.0282145   0.77752668  0.26188211
  0.28772041 -0.29698041 -0.03469061 -0.33132132  1.         17.
  0.18826661  0.53606991  0.88386658  0.20119123 -0.45870776  0.39659915
 -0.38639089 -1.         14.         -0.30424074 -0.74238893 -0.40517215
  0.21425255 -0.39217435  0.08273727  0.57434152 -1.         16.
 -0.38883787 -0.44684134 -0.60380606  0.18963945 -0.91698153  0.1652578
  0.25492873  1.         19.          1.21481527  1.48859171  1.18252783
  0.28284883  0.23525681 -0.42794143  0.99684788 -1.         10.
 -1.21310587 -0.66848548  0.46661923  0.16574247  0.76262373  0.62808162
  0.30153855 -1.          0.05219688 -0.8806904   0.69590938  0.2178592
 -0.36779989  0.86598416  0.04177616 -1.39353506 -0.1726882   0.29464711
  0.26803208  0.5108762  -0.43291133 -0.26974152  5.         12.87991362
  5.60896446  4.53191242  0.89317628]