[ 7.00000000e+00  1.00000000e+00  1.50000000e+01 -3.98049526e-01
 -1.24745531e+00  1.01982046e+00  2.89728857e-01 -1.02353080e-01
 -5.45789890e-01 -3.96508732e-01 -1.00000000e+00  1.50000000e+01
  3.83235062e-02 -3.90242276e-01 -1.46764038e+00  2.34282483e-01
 -1.72613817e-02 -3.42565873e-01  1.89442892e-01  1.00000000e+00
  1.10000000e+01  1.35050372e+00 -1.33066094e+00  6.33007512e-01
  2.87404118e-01 -7.53415403e-01 -1.90982884e-01  8.13505713e-01
  1.00000000e+00  1.60000000e+01 -1.33190669e+00 -2.25281147e-01
  3.99400705e-01  1.76208480e-01  4.64504321e-01  9.97987426e-01
 -8.25305204e-02 -1.00000000e+00  1.30000000e+01 -6.47768543e-01
  2.58653164e-01 -3.10568930e-01  2.11340035e-01  6.13795969e-01
 -8.65031362e-01  7.72768663e-01  1.00000000e+00  1.40000000e+01
  1.00215341e-01  1.33821763e-01 -5.52698369e-01  2.13472302e-01
 -5.52132246e-01  9.47492542e-01 -9.24112107e-01  1.00000000e+00
  1.30000000e+01 -1.46153214e+00  1.98952961e-01  9.36153066e-01
  2.75979386e-01 -3.65044506e-01 -6.25770430e-02  3.74710614e-02
 -1.00000000e+00  6.00000000e+00 -2.54446508e-01  4.14473815e-01
  2.78526642e-01  2.04428481e-01  2.86383027e-01  6.66153420e-01
 -7.88789540e-01  1.00000000e+00  1.29888445e+00 -4.03730405e-01
  1.39242780e+00  2.57234163e-01 -8.11161906e-01 -5.59375146e-01
 -1.05903758e-02  8.65133158e-01 -7.79786693e-01 -1.45022177e+00
  1.59832459e-01  1.23776907e-01 -6.60445344e-01  7.76269049e-02
  1.30000000e+01  1.90093073e+01  5.21814605e+00  1.74350194e+00
  1.04837413e+00]