[ 8.          2.         18.         -0.2344302   0.88413697 -0.38885657
  0.29035381 -0.25105145 -0.9114741  -0.76728697  1.         19.
  1.18252089 -0.80184477  1.22301729  0.2596789  -0.30102577 -0.31757607
 -0.55672397 -1.          9.          0.41852469 -0.05098263  0.84130595
  0.23760869 -0.13622624  0.38880931 -0.25370743  1.         17.
  0.50323065 -0.22561729 -0.23757755  0.14048505  0.63963569 -0.43304559
 -0.38936255 -1.         14.         -0.91650904 -0.25086399 -1.01185077
  0.21420276 -0.33987461  0.85820971  0.24756606 -1.         16.
 -0.87457529  1.39465868 -0.60380606  0.15996692  0.70724819 -0.36196172
  0.04693133  1.          6.         -1.50461379  1.48859171  1.18252783
  0.27835777 -0.39942903 -0.41426362  0.21734556 -1.         10.
 -1.21310587 -0.73444558 -0.06231286  0.11624179 -0.38763243  0.51635243
 -0.99080604  1.          0.21525613  1.10285873 -0.48011844  0.17729479
  0.3422431   0.82006557  0.26332562 -0.85321228  1.46401028 -0.24917329
  0.21807712  0.5108762  -0.69439232  0.8469761   5.         12.87991362
  3.94269735  2.46590957  0.89317628]