[ 6.          2.         18.         -0.66986311  1.25349021  1.4670423
  0.19303698 -0.8810841  -0.81241558  0.10193334  1.          8.
  0.27778247 -1.2605691   1.42166561  0.26188448 -0.72957817  0.78160499
 -0.45409714 -1.         19.          0.45458476  0.2076014  -0.55629615
  0.22828023  0.55279476  0.92187158 -0.74362203  1.         19.
 -0.02286277  1.48972789 -0.24413977  0.2495407   0.2228272  -0.23561649
  0.57314266 -1.         19.         -1.4891911   1.45457754 -0.8273357
  0.16221456  0.56333386  0.26140789 -0.97060494  1.         18.
  0.52453704 -0.34626758 -1.45589295  0.17244952 -0.27866121  0.92171996
  0.94655974 -1.          8.          0.56974881  1.24094287  1.47399093
  0.1596478   0.19803285 -0.5819681   0.75948729  1.          7.
  0.20755384 -0.2270351  -1.35809753  0.26922048  0.68852512 -0.70651806
 -0.32083266  1.         -0.42043165  0.64369609 -0.62787888  0.21451312
  0.70013951 -0.51879916  0.09172565 -0.72499516  0.57308891  0.88694938
  0.15641838 -0.57443249  0.34988264  0.77382773  2.          6.87499209
  6.42065156  3.78264119  1.22582119]