[ 7.00000000e+00  2.00000000e+00  1.80000000e+01 -2.34430196e-01
  8.84136970e-01  1.41276521e+00  2.90353810e-01 -2.51051445e-01
 -9.11474099e-01 -7.67286971e-01 -1.00000000e+00  1.90000000e+01
  1.36357693e+00 -8.01844770e-01  1.15378468e+00  2.59678898e-01
 -3.01025767e-01 -3.17576072e-01 -5.56723971e-01  1.00000000e+00
  9.00000000e+00  4.18524689e-01  1.66785002e-02  8.41305946e-01
  1.04775940e-01  9.30654322e-01 -8.23641298e-01 -7.87168283e-01
  1.00000000e+00  1.70000000e+01  1.88266612e-01 -2.25617286e-01
 -2.37577548e-01  1.40485052e-01  6.39635694e-01 -3.35735972e-01
 -7.15828041e-01  1.00000000e+00  1.40000000e+01 -6.57859488e-01
 -2.50863989e-01  1.23733044e+00  2.67960591e-01  3.22350548e-01
  8.58209711e-01  2.47566063e-01  1.00000000e+00  1.60000000e+01
  7.89408611e-01 -4.46841342e-01 -6.03806058e-01  2.22579746e-01
  7.07248185e-01 -3.61961719e-01  4.69313318e-02  1.00000000e+00
  6.00000000e+00 -1.50461379e+00  1.48859171e+00  1.18252783e+00
  1.85745457e-01  2.35256806e-01 -4.14263615e-01  9.96847875e-01
  1.00000000e+00  1.00000000e+01 -1.21310587e+00 -6.68485482e-01
  8.95382159e-02  1.16241793e-01  1.76287281e-01  5.16352435e-01
 -7.28067825e-01  1.00000000e+00  2.15256135e-01 -1.14925861e+00
 -1.06601394e+00  1.77294791e-01  3.42243102e-01 -9.67072990e-01
  2.63325615e-01 -8.53212279e-01  1.46401028e+00 -2.49173287e-01
  2.18077121e-01  5.10876195e-01 -6.94392323e-01  8.46976101e-01
  5.00000000e+00  1.28799136e+01  8.43129296e+00  4.53191242e+00
  8.93176283e-01]