[ 8.          2.         19.          1.10400398 -0.10367111  0.49885947
  0.19188353  0.20546909  0.64723962  0.62672617 -1.          8.
  1.24561992  0.21587785  0.25781562  0.29890895 -0.32478267 -0.47885814
 -0.45204462  1.          6.         -0.86191997  1.25276133 -0.44326154
  0.15042106  0.56601585  0.38205532  0.56949258  1.          6.
  1.3931653  -0.23805898 -1.40626525  0.15403749 -0.91143074  0.96151321
 -0.8231113  -1.          8.          0.27071708  0.12781098  0.21702198
  0.17181179  0.11662117 -0.02269673 -0.53916401  1.          6.
  0.30584715 -1.28984146 -1.05085468  0.26787795 -0.40530212  0.04223252
  0.30151623  1.          7.         -1.53374582  0.46258532  0.63511354
  0.27361825  0.2824197  -0.15670012  0.9109647  -1.          7.
  0.06923645 -0.62230982 -0.54029075  0.19307456  0.99843227 -0.88594737
 -0.94383691 -1.         -0.15339394  0.82464996  0.92185295  0.15219556
  0.73739317 -0.23658338  0.38270032 -0.38291715  0.85742432 -0.13785858
  0.28259149 -0.99907347 -0.73178348 -0.86096113  5.         15.69535873
  4.5042556   2.25919976  0.435902  ]