[ 8.00000000e+00  1.00000000e+00  8.00000000e+00 -4.61193081e-01
  6.02430241e-01 -1.30789003e+00  2.92514947e-01 -2.74834092e-01
  7.94503368e-01 -8.50341863e-02  1.00000000e+00  6.00000000e+00
  1.04665667e+00  3.70650579e-01  9.40485578e-01  2.81553157e-01
 -1.81997903e-01  1.15171972e-01 -8.59741853e-02  1.00000000e+00
  1.80000000e+01 -1.12435081e+00  2.61015903e-01 -4.24103394e-01
  1.75937565e-01  4.24877145e-01  7.29080726e-01  3.64973578e-01
 -1.00000000e+00  1.80000000e+01 -1.48048638e+00 -8.68048273e-01
  7.36745236e-01  2.32756364e-01  7.75822798e-01  8.24312071e-01
  6.36322823e-03  1.00000000e+00  8.00000000e+00 -1.22420029e+00
  1.20764262e+00  1.03364446e+00  2.28234572e-01 -8.24252642e-01
  3.61595761e-01 -9.87370625e-01 -1.00000000e+00  6.00000000e+00
  1.56360291e+00  1.40426201e+00 -1.32093071e+00  2.87869297e-01
 -5.70622999e-01  6.11850702e-01 -5.70764043e-01 -1.00000000e+00
  1.90000000e+01 -1.16368380e+00 -2.33686350e-01 -6.04119985e-01
  2.25120226e-01 -6.18060660e-01 -5.20990894e-01  7.56586953e-01
 -1.00000000e+00  1.90000000e+01  1.30771969e+00 -1.23720127e+00
  8.36163191e-01  2.00883444e-01  6.91550900e-01  3.90080268e-01
  6.82647362e-01 -1.00000000e+00  1.19638921e+00  1.21018195e+00
  1.45330450e+00  1.99626399e-01  8.03112749e-01 -8.45844863e-01
 -1.74991959e-01 -8.17375777e-01  1.06609749e+00 -1.16311292e+00
  2.13125693e-01  5.10842671e-01 -8.76128334e-02  4.30707372e-02
  5.00000000e+00  1.55052181e+01  6.46649039e+00  8.15205035e+00
  7.05091729e-01]