[ 6.          2.          2.          0.24303559 -1.24745531 -0.43347466
  0.18179795  0.55229206 -0.91906542 -0.22718039 -1.         16.
  1.30685676  0.59888389 -1.45301727  0.20528042 -0.17759261  0.45271419
  0.32178081  1.          0.          1.4752983  -0.41809394  0.99807273
  0.25750921  0.37703519  0.19342445  0.29245773  1.          0.
  1.41000921  0.24918748 -0.30570309  0.25587635  0.46450432  0.73396003
  0.04769739  1.         16.         -1.0955986  -0.1524305  -0.13823607
  0.28374178 -0.78846985 -0.86503136  0.34432642 -1.          1.
  0.10021534 -0.62304451 -0.81910779  0.26225038  0.58098827  0.74203097
 -0.92411211 -1.          5.          0.67151341  0.19895296  0.69273265
  0.23113973 -0.53357044  0.80988823  0.03747106  1.          6.
 -0.47801056 -0.56598669  0.27852664  0.20452726  0.41080752 -0.79112695
 -0.56642459 -1.         -0.79540882 -1.00595713  1.0352017   0.25723416
 -0.12337628 -0.5767718   0.36947401  1.16733797  0.5468976   0.62362144
  0.24588752 -0.0970958  -0.74768886  0.34664638  3.         16.73191078
  5.21814605  2.58568817  1.04837413]