[ 8.          1.          6.         -0.93068922 -0.74882806 -0.11615708
  0.26176982  0.95488003 -0.75220783  0.18715804 -1.          2.
 -0.9882558   0.22780573  0.08243235  0.16130734  0.11673309 -0.92979117
 -0.75047953  1.         15.         -1.3843197   1.23947177  0.07598032
  0.27013274  0.68248205 -0.76758736  0.09412741  1.          6.
 -1.28384524 -1.43821339 -0.98368535  0.15143774 -0.44788476 -0.1958928
  0.66605719 -1.          2.          0.03448449  0.06928485  1.08093533
  0.20298837  0.7921452   0.59050551 -0.87528749  1.         11.
 -0.89125588 -0.91918292 -0.42534903  0.23929312 -0.95392051  0.77450169
 -0.57670377 -1.         17.          0.15319529  0.12184658  0.40043563
  0.18754427 -0.45483743 -0.33127586 -0.89078228 -1.         13.
 -0.7249873  -0.68305581  1.36284238  0.29874934  0.53387774  0.68777463
  0.97408326 -1.          1.34358349  0.99658033  1.2798489   0.25756969
  0.11801703 -0.67998088 -0.7492828   1.2041198  -0.13063858  0.2920691
  0.2509068  -0.92031708  0.594565   -0.64767692  7.         19.77173142
  8.97563387  6.64786485  0.76709223]