[ 8.          1.          8.         -1.2024514  -0.57325511 -0.48367589
  0.15816509  0.29823219  0.02926177 -0.0355347   1.         19.
  0.19388539  0.48616977 -1.1605134   0.29852822 -0.13878738  0.86826486
 -0.46152344  1.         19.         -0.93237862 -0.38481062  0.72368959
  0.24641186  0.30847211  0.9868615   0.60673203  1.         19.
 -0.73093321  1.32188292  1.51214631  0.21272142 -0.34756557 -0.89214771
 -0.94323767 -1.          7.         -1.4481138  -0.30858087 -0.13249702
  0.23186113 -0.10756445 -0.80334382  0.33599321 -1.          8.
  0.42203651 -0.96994484  1.47800044  0.27036007  0.84093133 -0.96466104
 -0.97041281  1.          7.          0.26403897  0.45466031 -1.25115168
  0.2089462  -0.73699595 -0.31828633  0.78477026  1.          7.
  1.51966348  0.15692332 -1.53287162  0.24403684  0.16542568  0.68486893
  0.09884754  1.          1.05105949  0.13381733  0.38572929  0.22679934
  0.93402586  0.4022445  -0.06470545  1.11957415  1.28320378 -0.68798937
  0.24212586  0.24962765 -0.13837811 -0.64842631  5.         14.82959108
  7.03416039  4.50325467  0.77459211]