[ 6.          1.          2.          0.34650176 -1.24745531 -0.78772007
  0.20524247  0.55229206  0.61014852  0.80595351 -1.          7.
 -0.38158235 -0.39024228 -1.45301727  0.20528042 -0.94646536 -0.77186434
 -0.5363391   1.         11.          1.35050372 -0.41809394  1.40022325
  0.28740412  0.22339981  0.28262312  0.81350571  1.          0.
  1.00508596  0.0835958  -0.30570309  0.28885731  0.46450432  0.73396003
  0.5483425   1.         16.         -1.0955986  -0.31016642 -0.31056893
  0.25312764  0.10420887 -0.78801398  0.72213589  1.         10.
  0.10021534  0.13382176  0.87922038  0.27504398 -0.16326563  0.74203097
 -0.92411211  1.         12.          0.997028    0.19895296  0.69273265
  0.1815505   0.92786008 -0.06257704  0.03747106 -1.          6.
 -0.47801056  0.28123896  0.27852664  0.28503662 -0.59560435 -0.79112695
 -0.31997617  1.          1.29888445 -0.81903201  1.0352017   0.25723416
 -0.43537779 -0.5767718  -0.23794842  0.11196861  0.1908913   0.62222737
  0.27103276 -0.65517246  0.39565429 -0.47703257 13.         16.88394398
  4.32408551  2.58568817  0.1169192 ]