[ 6.          1.          2.          0.24303559 -1.24745531 -0.78772007
  0.22038248  0.55229206  0.61014852  0.80595351 -1.          7.
 -0.9784146  -0.39024228 -1.45301727  0.20528042 -0.46261714 -0.77186434
 -0.11913758 -1.         11.          1.35050372 -0.41809394  1.40022325
  0.28740412 -0.7534154   0.10011394  0.81350571  1.          0.
  1.41000921  0.0835958  -0.30570309  0.29524931  0.46450432  0.73396003
  0.5483425  -1.         16.         -1.0955986  -0.31016642 -0.31056893
  0.25312764  0.70137277 -0.86503136  0.47639834  1.         10.
  0.10021534  0.13382176  0.87922038  0.27504398 -0.55213225  0.74203097
 -0.92411211 -1.         12.          0.67151341  0.19895296  0.69273265
  0.20241753  0.92786008 -0.06257704  0.03747106 -1.          6.
 -0.47801056 -0.12149287  0.27852664  0.28503662 -0.15253378 -0.79112695
 -0.31997617  1.          1.29888445 -0.81903201  1.0352017   0.25723416
 -0.67796144 -0.5767718  -0.89831481  1.16733797  0.1908913  -0.99278852
  0.27103276 -0.65517246 -0.23070436 -0.47703257 13.         12.43701447
  4.32408551  2.58568817  1.04837413]