[ 8.          1.         
  19. 0 0 0  0.2  1  0 0 -1.         
  19. 0 0 0  0.2 -1 0 0  -1.          
  19. 0 0 0  0.2 0 1 0  1.         
  19. 0 0 0  0.2 0 -1 0 1         
  19. 0 0 1.57079632679  0.2 1  0 0 -1.         
  19. 0 0 -1.57079632679  0.2 -1 0 0  1.         
  19. 0 -1.57079632679 0  0.2 0 1 0 -1.         
  19. 0 1.57079632679 0  0.2  0 -1 0 -1.    
  0.05219688 -0.8806904   0.69590938  0.2178592
 -0.36779989  0.86598416  0.04177616 -1.39353506 -0.1726882   0.29464711
  0.26803208  0.5108762  -0.43291133 -0.26974152  5.         12.87991362
  5.60896446  1  0.25]